13
14
15
23
28
45
46
50
51
69
70
71
72
73
74
77
78
79
86
87
88
89
91
92
93
94
95
97
98
102
103
116
117
121
127
128
129
132
133
134
135
138
139
142
144
145
150
156
157
158
159
160
174
175
176
180
191
192
196
211
214
220
223
224
228
229
230
231
243
244
245
246
247
251
252
253
274
290
305
306
307
308
309
310
311
312
318
319
337
338
339
348
349
362
363
365
368
369
374
375
376
391
398
399
406
408
410
415
435
436
437
438
441
442
444
461
462
466
467
482
505
507
514
515
516
517
527
528
535
541
545
546
548
556
557
561
562
564
565
575
576
578
579
584
585
591
598
601
602
604
605
618
622
623
631
638
641
642
643
644
647
650
653
663
664
665
666
680
683
684
685
686
688
703
711
712
713
716
717
718
719
720
721
728
743
744
748
749
766
767
773
774
775
776
777
778
779
796
797
798
799
814
842
843
853
861
862
866
871
872
884
885
888
889
890
891
892
893
899
900
902
903
925
926
927
934
939
946
954
955
956
957
959
973
981
994
1039
1049
1055
1056
1057
1060
1062
1084
1089
1090
1091
1121
1122
1124
1146
1147
1158
1162
1163
1164
1165
1166
1193
1202
1203
1207
1212
1213
1214
1215
1216
1219
1228
1231
1232
1240
1244
1245
1247
1248
1252
1253
1254
1255
1257
1270
1272
1276
1277
1278
1281
1297
1298
1300
1308
1309
1314
1315
1316
1325
1327
1328
1331
1333
1334
1335
1337
1344
1350
1353
1354
1357
1359
1377
1378
1381
1384
1385
1386
1388
1389
1390
1391
1392
1393
1395
1396
1401
1406
1412
1413
1438
1446
1455
1464
1472
1490
1500
1505
1506
1507
1522
1524
1530
1566
1574
1575
1580
1590
1591
1593
1594
1596
1597
1601
1603
1611
1621
1622
1623
1635
1642
1657
1658
1677
1678
1679
1680
1681
1682
1693
1694
1697
1698
1707
1708
1716
1717
1718
1725
1726
1729
1730
1731
1758
1768
1789
1794
1795
1796
1797
1800
1801
1804
1805
1823
1824
1842
1851
1869
1905
1907
1908
1909
1911
1912
1914
1915
1933
1934
1935
1949
1950
1951
1955
1974
1979
1980
1998
1999
2000
2001
2002
2003
2011
2014
2023
2027
2071
2076
2083
2085
2091
2092
2093
2094
2095
2096
2108
2110
2113
2114
2115
2123
2139
2140
2141
2142
2144
2145
2150
2151
2161
2181
2189
2190
2191
2193
2194
2195
2197
2200
2207
2208
2209
2210
2211
2212
2213
2214
2215
2216
2217
2218
2219
2220
2221
2222
2258
2259
2265
2266
2267
2268
2277
2278
2279
2285
2313
2315
2320
2321
2326
2333
2334
2347
2349
2360
2361
2371
2372
2373
2374
2377
2378
2379
2408
2409
2438
2439
2442
2443
2459
2460
2461
2462
2466
2467
2468
2469
2470
2471
2476
2483
2484
2485
2486
2487
2488
2489
2490
2491
2492
2493
2494
2495
2496
2497
2498
2500
2501
2502
2503
2508
2516
2517
2537
2538
2550
2562
2563
2574
2575
2576
2579
2580
2581
2603
2609
2610
2613
2619
2620
2621
2622
2630
2631
2634
2636
2654
2673
2679
2680
2683
2684
2697
2698
2699
2700
2701
2703
2704
2709
2710
2714
2715
2725
2726
2727
2732
2733
2740
2741
2744
2745
2753
2754
2772
2790
2791
2795
2796
2809
2810
2813
2814
2816
2818
2822
2832
2834
2836
2837
2841
2852
2853
2854
2855
2856
2860
2862
2863
2864
2870
2876
2878
2879
2880
2881
2884
2905
2911
2912
2918
2925
2926
2942
2943
2955
2956
2957
2958
2959
2960
2969
2970
3001
3002
3003
3004
3006
3007
3008
3023
3024
3031
3032
3038
3039
3040
3041
3070
3071
3072
3073
3074
3079
3088
3089
3104
3105
3106
3121
3122
3123
3124
3125
3136
3159
3160
3184
3185
3186
3190
3195
3200
3208
3222
3225
3237
3238
3239
3240
3241
3242
3243
3244
3245
3246
3247
3248
3274
3275
3277
3278
3283
3284
3285
3286
3287
3293
3310
3323
5958
5979
5982
5983
5984
5985
5986
5987
5995
6001
6006
6007
6008
6009
6013
6015
6022
6023
6053
6084
6086
6091
6092
6105
6109
6131
6141
6175
6176
6183
6184
6185
6186
6187
6188
6189
6190
6194
6195
6201
6203
6206
6211
6219
6220
6221
6222
6238
6240
6261
6277
